12
22
35
45
69
74
79
78
66
43
33
36
34
38
36
28
6
-19
-38
-45
-35
-11
6
7
7
-2
-3
5
19
26
25
41
46
52
50
47
38
24
17
3
-11
-14
-5
2
11
28
34
29
18
16
9
5
5
-5
-17
-29
-29
-19
-1
17
28
19
3
-1
-13
-7
-1
0
-11
-12
-4
3
11
34
44
44
38
39
39
50
50
55
51
56
53
44
28
19
22
22
39
48
50
40
22
-2
-19
-13
-15
-29
-48
-43
-29
-5
21
33
28
18
14
-1
-8
-12
-18
-18
-15
-11
-21
-24
-22
-16
-15
-14
-8
-5
1
0
0
-8
-20
-28
-42
-41
-20
6
18
17
17
16
17
14
6
-2
-7
6
22
29
29
32
28
24
30
37
35
31
37
44
52
62
58
50
40
39
43
52
65
52
30
7
-4
-18
-32
-47
-53
-48
-40
-17
-23
-32
-41
-50
-53
-49
-35
-28
-15
-2
14
18
15
20
14
20
22
17
6
-1
4
13
32
52
69
77
83
80
70
63
65
60
42
29
10
-3
0
10
10
0
-2
2
2
-3
-15
-23
-28
-12
-2
-2
-1
17
22
38
44
42
28
3
-12
-33
-44
-47
-45
-45
-46
-40
-33
-6
21
32
16
-6
-23
-37
-37
-40
-45
-57
-64
-52
-38
-20
-1
10
5
-4
-7
-17
-32
-49
-74
-96
-97
-79
-53
-27
-7
10
30
49
47
32
20
27
29
15
-9
-31
-45
-47
-44
-59
-66
-65
-43
-7
16
34
37
44
58
65
67
62
51
26
3
-14
-19
-19
-21
-14
1
20
44
59
67
67
72
65
59
53
38
18
6
-4
-6
0
9
18
23
43
62
71
78
87
91
89
82
69
58
53
58
58
54
62
58
59
53
52
46
34
22
4
-18
-31
-27
-26
-21
-30
-45
-60
-73
-70
-70
-51
-29
-11
-7
-11
-6
-6
12
22
17
-2
-13
-1
12
31
37
31
18
13
19
22
28
28
27
15
11
6
7
25
43
48
42
39
28
13
-8
-20
-13
7
40
55
47
24
6
4
10
32
43
46
44
45
34
15
-6
-28
-40
-33
-19
-9
-1
11
8
-2
-12
-8
-15
-16
-29
-40
-53
-58
-55
-49
-33
-6
9
9
7
4
-3
-1
-7
-19
-38
-31
-6
31
68
87
82
60
47
39
34
30
24
20
17
27
21
10
-6
-5
-2
5
25
32
41
37
36
26
22
37
62
84
89
77
48
21
15
14
10
1
-8
-23
-21
-2
17
22
15
5
4
12
17
13
0
-13
-18
-29
-18
5
32
46
50
42
26
18
27
33
29
16
9
6
2
-5
-21
-34
-23
-16
-8
-1
13
14
15
1
-21
-38
-44
-31
-17
4
35
59
68
63
52
45
46
45
38
18
3
-4
-8
-10
-2
-1
-3
-5
0
1
3
1
-9
-16
-14
-1
1
7
15
26
33
32
16
-6
-22
-17
-4
9
31
45
47
41
30
14
-7
-15
-24
-21
-10
0
8
-1
-6
-23
-42
-57
-58
-48
-35
-21
-18
-17
-11
4
0
-18
-27
-39
34
33
28
22
21
22
22
19
22
18
22
25
15
5
0
-8
-10
-19
-25
-39
-49
-50
-54
-54
-59
-63
-64
-58
-53
-39
-43
-37
-32
-24
-14
-1
12
18
24
23
24
25
27
29
28
34
44
57
64
80
83
86
76
60
47
40
42
42
49
61
68
71
74
74
79
69
58
50
51
48
51
51
41
40
37
42
40
46
44
51
42
45
47
56
66
64
61
63
72
81
82
85
88
94
97
95
93
86
82
69
46
30
11
-2
-13
-11
-12
-8
-2
2
6
13
19
23
24
24
30
34
43
56
61
63
57
49
35
17
8
-1
2
10
22
25
29
32
36
34
26
25
21
33
45
49
55
55
54
44
38
38
46
50
57
52
43
40
45
57
59
66
61
58
52
48
38
39
40
39
30
18
19
20
20
22
17
19
19
23
18
19
12
2
-4
-13
0
-6
5
4
4
3
-4
-4
-16
-27
-37
-37
-40
-36
-26
-22
-15
-9
-5
-8
-5
-9
-3
9
19
21
22
28
38
41
53
57
63
59
54
44
39
27
28
27
33
44
45
46
42
46
46
48
38
22
9
-5
-9
-7
-12
-24
-30
-44
-47
-39
-37
-30
-22
-13
-10
-8
-10
-7
0
5
-3
-9
-13
-15
-11
-10
-16
-18
-23
-15
-10
-5
-14
-9
0
12
20
31
32
32
36
33
29
37
31
25
18
25
34
32
37
31
29
34
35
35
38
44
49
51
52
57
60
68
73
75
67
60
54
47
46
47
43
36
31
26
24
28
22
20
17
21
29
35
42
51
54
61
55
52
36
35
27
29
30
39
51
53
55
54
57
53
50
49
51
54
52
50
47
59
67
76
78
84
88
93
91
87
76
67
64
57
49
47
48
49
53
59
67
73
78
72
63
57
57
58
52
50
48
51
58
62
67
68
68
68
71
69
73
65
69
70
72
75
71
68
57
44
39
39
34
36
32
26
33
33
33
25
22
24
19
16
16
23
24
33
29
23
22
19
25
26
36
44
54
49
49
41
40
43
37
24
12
4
4
5
-10
-17
-3
25
66
86
103
108
107
90
71
58
47
48
58
71
76
81
89
85
87
82
79
75
66
58
49
49
56
59
55
51
50
51
54
58
67
66
69
61
60
64
68
67
62
54
49
50
44
41
39
31
35
28
16
5
-1
-10
-10
-14
-25
-34
-45
-39
-33
-22
-21
-13
-17
-23
-23
-26
100
124
153
185
210
220
216
222
240
265
298
330
362
381
391
390
390
392
395
397
397
393
380
356
334
322
320
322
338
332
317
263
195
142
108
97
80
80
85
39
-139
-816
-1202
-1374
-1074
-557
-193
51
51
272
395
407
336
209
54
-13
-7
48
118
233
404
578
649
627
599
577
555
483
369
224
2
-309
-618
-809
-775
-470
-59
343
570
600
397
58
-456
-718
-773
-507
-77
196
394
528
578
579
564
530
475
416
356
295
238
191
160
145
137
135
136
137
151
163
174
182
183
179
160
121
60
-15
-55
-58
-1
104
189
223
157
-2
-462
-1073
-1358
-1212
-624
-51
298
474
533
482
395
240
36
-92
-100
62
242
448
670
826
885
754
554
360
196
23
-162
-323
-430
-554
-798
-986
-973
-701
-313
-49
63
69
20
-42
-39
21
122
220
302
346
389
393
383
356
308
253
180
115
30
-72
-177
-262
-293
-303
-287
-251
-239
-244
-315
-464
-739
-1008
-1036
-767
-336
84
333
342
175
-195
-570
-586
-390
23
344
531
647
679
626
537
445
382
354
346
355
353
336
282
218
166
161
194
245
300
338
347
331
312
298
285
267
249
228
198
150
87
-24
-288
-860
-1305
-1493
-1076
-400
190
559
682
583
319
-55
-458
-688
-703
-497
-200
105
370
591
638
571
409
204
24
-100
-76
19
157
262
340
488
604
679
622
502
404
336
314
308
321
325
337
335
330
327
334
357
387
414
431
425
399
339
258
188
148
134
131
119
106
89
71
66
74
102
119
101
63
-67
-317
-902
-1364
-1535
-1121
-416
177
491
590
548
424
260
51
-213
-344
-420
-382
-352
-224
-51
171
306
341
333
281
177
50
-100
-146
-214
-306
-418
-450
-265
17
272
363
338
249
161
92
68
102
174
247
308
326
317
305
291
263
214
162
106
64
30
7
-1
-7
4
20
50
101
166
239
291
300
267
219
181
161
161
164
173
177
186
180
171
139
83
-82
-424
-1121
-1481
-1550
-980
-308
169
358
421
385
311
216
81
-105
-229
-271
-198
-146
-61
96
292
448
444
370
275
201
99
35
11
9
-7
-45
-117
-274
-449
-580
-637
-627
-638
-735
-814
-777
-597
-302
-61
151
251
342
350
301
246
144
51
-11
-9
35
118
211
303
372
409
419
399
367
331
302
283
272
275
285
298
308
317
328
334
342
345
345
343
345
344
348
363
383
411
429
420
392
333
277
237
226
242
288
355
422
480
452
250
-121
-624
-994
-964
-667
-219
87
213
276
273
212
128
36